(1,21236)
(2,5670)
(3,2847)
(4,1762)
(5,1174)
(6,933)
(7,714)
(8,579)
(9,475)
(10,359)
(11,357)
(12,264)
(13,227)
(14,212)
(15,195)
(16,168)
(17,161)
(18,137)
(19,121)
(20,111)
(21,93)
(22,108)
(23,96)
(24,81)
(25,74)
(26,62)
(27,88)
(28,52)
(29,50)
(30,45)
(31,48)
(32,52)
(33,53)
(34,67)
(35,40)
(36,47)
(37,32)
(38,33)
(39,28)
(40,36)
(41,28)
(42,22)
(43,35)
(44,13)
(45,24)
(46,28)
(47,21)
(48,15)
(49,16)
(50,22)
(51,22)
(52,20)
(53,13)
(54,23)
(55,12)
(56,20)
(57,13)
(58,18)
(59,13)
(60,19)
(61,14)
(62,26)
(63,14)
(64,17)
(65,17)
(66,13)
(67,7)
(68,9)
(69,13)
(70,11)
(71,13)
(72,12)
(73,8)
(74,10)
(75,10)
(76,8)
(77,15)
(78,12)
(79,8)
(80,10)
(81,8)
(82,6)
(83,8)
(84,13)
(85,6)
(86,9)
(87,7)
(88,8)
(89,6)
(90,4)
(91,5)
(92,2)
(93,8)
(94,8)
(95,4)
(96,5)
(97,7)
(98,4)
(99,6)
(100,5)
(101,8)
(102,4)
(103,8)
(104,4)
(105,5)
(106,3)
(107,7)
(108,4)
(109,6)
(110,3)
(111,6)
(112,7)
(113,7)
(114,4)
(115,1)
(116,5)
(117,4)
(118,3)
(119,5)
(120,4)
(121,4)
(122,4)
(123,6)
(124,1)
(125,1)
(126,2)
(127,1)
(128,7)
(129,4)
(130,1)
(131,7)
(132,3)
(133,4)
(134,1)
(135,2)
(136,2)
(137,4)
(138,1)
(139,3)
(140,3)
(141,4)
(142,1)
(143,2)
(144,3)
(146,4)
(147,5)
(148,1)
(149,1)
(150,2)
(152,8)
(153,1)
(154,3)
(156,3)
(157,1)
(158,3)
(159,1)
(160,1)
(161,4)
(163,1)
(164,1)
(165,3)
(166,3)
(167,1)
(168,2)
(169,4)
(171,3)
(172,3)
(174,3)
(175,1)
(176,2)
(178,1)
(179,1)
(180,2)
(181,2)
(182,4)
(183,1)
(184,1)
(185,4)
(186,1)
(187,1)
(188,1)
(190,1)
(191,1)
(192,1)
(193,1)
(194,1)
(197,1)
(198,1)
(199,3)
(200,3)
(202,3)
(205,2)
(208,2)
(211,3)
(212,2)
(214,2)
(215,1)
(216,1)
(217,1)
(218,1)
(219,1)
(220,1)
(221,3)
(224,1)
(225,2)
(226,1)
(227,2)
(229,2)
(231,1)
(232,1)
(235,1)
(236,1)
(237,1)
(238,1)
(239,1)
(240,3)
(244,2)
(245,1)
(248,1)
(249,1)
(252,1)
(253,3)
(254,1)
(256,1)
(259,1)
(261,2)
(262,1)
(263,1)
(264,2)
(265,2)
(267,1)
(270,1)
(271,1)
(272,1)
(273,1)
(275,1)
(279,1)
(281,1)
(287,1)
(290,1)
(291,2)
(292,2)
(293,1)
(294,3)
(299,1)
(300,1)
(301,1)
(302,2)
(303,1)
(307,1)
(315,1)
(316,1)
(317,2)
(320,1)
(324,1)
(326,1)
(328,1)
(329,1)
(333,2)
(336,1)
(337,1)
(338,1)
(339,1)
(342,1)
(345,1)
(347,1)
(348,1)
(350,1)
(355,1)
(356,1)
(364,2)
(368,1)
(370,2)
(375,1)
(376,3)
(377,2)
(378,1)
(380,1)
(381,1)
(382,1)
(383,1)
(384,1)
(386,1)
(388,1)
(389,1)
(393,2)
(396,1)
(403,2)
(404,1)
(408,1)
(411,2)
(413,2)
(416,1)
(426,1)
(430,1)
(438,1)
(443,1)
(444,2)
(445,1)
(446,1)
(447,1)
(451,1)
(453,1)
(459,1)
(465,1)
(481,1)
(492,1)
(493,1)
(495,1)
(496,1)
(500,1)
(502,1)
(511,1)
(513,1)
(516,1)
(519,1)
(521,1)
(523,1)
(526,1)
(530,1)
(535,1)
(542,2)
(547,1)
(549,1)
(551,1)
(571,1)
(573,1)
(576,1)
(577,2)
(584,1)
(589,1)
(598,1)
(605,1)
(608,1)
(609,1)
(610,1)
(612,1)
(623,1)
(639,1)
(641,1)
(642,1)
(654,1)
(657,1)
(658,1)
(662,1)
(665,1)
(671,1)
(677,1)
(683,1)
(687,1)
(691,1)
(700,1)
(706,1)
(716,1)
(726,1)
(731,1)
(755,1)
(762,1)
(765,1)
(773,1)
(778,1)
(814,1)
(817,1)
(826,2)
(838,1)
(841,1)
(846,1)
(919,1)
(939,1)
(942,1)
(954,1)
(957,1)
(998,1)
(1048,1)
(1057,1)
(1094,1)
(1095,1)
(1135,1)
(1165,1)
(1250,1)
(1261,1)
(1296,1)
(1339,1)
(1426,1)
(1428,1)
(1435,1)
(1460,1)
(1553,1)
(1577,1)
(1705,1)
(1836,1)
(1855,1)
(1931,1)
(1932,1)
(1935,1)
(1939,1)
(2062,1)
(2316,1)
(2354,1)
(2356,1)
(2406,1)
(2495,1)
(2661,1)
(2681,1)
(2733,1)
(3225,1)
(3226,1)
(3390,1)
(3619,1)
(3666,1)
(3898,1)
(3913,1)
(3963,1)
(4481,1)
(4495,1)
(5334,1)
(5649,1)
(7202,1)
(7417,1)
(7932,1)
(8607,1)
(9296,1)
(13598,1)
(14903,1)
(16502,1)
(21403,1)
